315
314
314
314
315
316
318
321
323
327
331
335
339
343
346
350
353
355
358
359
361
361
361
360
359
358
356
354
352
349
347
344
341
338
335
333
331
329
328
326
325
323
323
322
322
323
324
326
329
332
336
341
346
351
355
358
361
364
367
368
370
370
370
370
369
368
366
363
361
358
355
353
350
347
344
341
339
338
336
335
335
334
335
336
337
339
341
345
348
351
355
359
363
367
370
373
376
379
380
382
382
383
382
381
379
378
375
373
370
367
363
360
357
354
351
348
346
343
341
339
338
338
337
338
339
340
342
345
349
353
357
362
366
371
375
378
382
384
387
389
390
391
391
390
389
387
385
383
380
378
375
371
368
364
362
358
356
354
352
351
349
349
349
349
350
351
353
356
359
363
367
371
376
379
383
386
389
392
393
394
395
394
394
393
392
390
388
385
382
379
376
373
370
366
363
360
358
356
354
352
351
350
350
350
351
352
354
357
360
364
368
372
377
381
385
389
393
396
398
400
401
402
402
401
400
399
397
395
393
390
387
384
382
379
376
373
370
368
366
364
362
361
360
360
361
362
364
366
369
373
377
381
385
389
393
396
399
401
403
405
407
408
408
408
408
407
405
404
401
400
396
394
390
387
384
381
379
377
375
374
373
372
371
371
371
372
373
376
378
382
385
389
393
397
400
404
406
409
411
413
415
415
415
414
414
412
410
408
405
402
398
396
392
389
387
384
381
380
378
377
376
375
375
375
376
377
379
382
385
389
393
398
402
407
411
414
418
421
423
426
427
428
428
428
426
425
422
420
417
415
411
408
405
402
399
396
393
391
389
387
386
385
384
384
384
386
388
391
393
397
401
405
409
413
417
420
423
425
427
428
428
429
428
428
427
425
423
421
418
415
412
410
406
403
400
397
394
392
390
388
387
386
386
386
387
388
391
394
398
401
406
410
415
419
424
427
431
433
435
437
438
438
438
437
435
433
431
429
426
423
420
417
414
411
408
405
403
400
398
397
396
395
395
396
398
400
402
404
408
411
414
418
423
427
431
435
439
442
444
446
448
449
449
449
448
446
444
442
439
437
434
431
428
425
422
419
417
415
413
412
410
410
409
409
410
410
412
415
418
422
426
431
435
440
443
447
451
454
456
458
460
460
460
460
459
458
456
454
451
449
446
443
440
437
434
432
430
428
426
425
424
423
423
423
424
425
427
429
431
434
438
442
446
449
452
454
456
457
457
457
456
454
452
449
445
442
437
433
428
424
419
414
410
405
401
397
393
389
386
383
381
378
376
375
375
375
376
378
380
383
386
390
393
396
400
403
405
407
408
408
408
407
406
404
402
400
397
394
391
387
384
381
377
374
371
369
367
364
363
361
360
359
359
360
361
364
367
371
375
380
384
389
394
399
403
406
409
411
412
412
412
411
410
407
406
404
402
400
398
396
394
392
390
387
386
384
382
381
379
378
377
376
377
377
378
379
381
384
387
391
395
399
403
407
411
414
417
419
421
422
423
423
422
421
419
417
414
411
408
405
403
400
397
394
392
390
388
386
385
384
383
383
383
384
385
386
388
391
394
397
401
405
409
413
417
420
424
427
429
431
432
432
432
432
431
429
428
425
423
421
418
416
413
411
409
407
404
403
401
400
399
399
399
399
400
402
405
408
411
415
419
423
428
432
436
440
443
446
448
450
451
451
452
451
450
449
448
446
444
442
440
438
434
432
429
426
423
421
419
417
416
415
415
416
417
419
422
426
432
437
443
450
457
464
471
479
486
493
499
505
511
516
522
526
530
534
537
540
541
543
542
543
541
539
536
532
528
524
519
515
510
506
501
497
494
491
489
488
488
489
491
493
496
498
501
503
505
506
505
503
499
494
488
481
473
465
456
447
438
429
421
413
406
400
395
390
387
384
382
380
379
379
379
381
383
385
389
394
399
405
411
418
424
430
436
441
446
450
454
457
459
461
461
461
460
459
457
455
452
449
446
442
439
436
433
430
427
424
422
420
418
416
415
415
415
416
418
420
423
427
431
434
438
442
446
448
451
454
456
457
458
459
459
459
457
456
454
451
448
445
442
439
435
431
428
424
421
418
416
